00000000000000000000000000000000000000000000000000000000000000000000000000000000000000000000000000000000000000000000000000000000000000000000000000000000000000000000000000000000000000000000000000000000000000000
0000000000000000000240000222220000000000000000000000000000000000000000000000000000000000000000000000000000000000000000000000000000000000000000000000000000000000000000000000000000000000000000000000000000
0000000000000000000200000222000000000000000000000000000000000000000000000000000000000000000000000002000000000000000000000000000000000000000000000000000000000000000000000000000000000000000000000000000000
22222222200000000002000002220033330000000000000000000000000000000000000000002224444440000000000000000400000000000000000000000000000000000000000000000242400000000000000000000000000000000000000000000000000000
2222222220000000000200000222002222000000000000000000000000000000000000000000222000000000000000000000000400000000000000000000000000000000000000000000400000000000000000000000000000000000000000000000000000000
2200000220000000000200004222000000000000000000000000000000000000000000000000222000000000000000000000000004000000000000000000000000000000000000000002000003333333333333000000000000000000000000000000000000000000000000000
220000022000000000020000022200000000000000000000000000000000000002000000000422200000000000000000000200000040000000000000000000000000000000000000000000004242424242424200000000000000000000000000000000000000000000000000000
22000002200000000002000002220000000000000000000000000000000000000000000000002220000000000000000000000000000040000000000000000000000000000000000000000000000000000000000000000000000000000000000022222222222222000000000000
22000002200000000002400002220000000000000000000000000000002200000000000000002220000000000000000000000000000000400000000000000000000000000000000002000000000000000000000000000000000000000000000000000000000000
2200000220000000000200000222000000000000000000000000000000000000000000000000222000000000000000000000000000000000400000000000000000000000000000004000000000000000000000000000000000000000000000000000000000000000000
22000002200000000002000002220000200000002000000020000000000000000000000000042220000000000000000000040000000000000040000000000000000000000000000200000000000000000000000000000000000000004300000000000000000000000
2200000220000000000000004222400020004000200040002000040000000000000000000000222000000000000000000000000000000000000040000000000000000000000000000000000000000000000000000000000000000000000000000000000000000
2200000000000000000000000222000000000000000000000000000000000000000220000000222000000000000000000000000000000000000000400000000000000000000000000000000000000000000000000000000000000000000000000000000000000
220000000022222222220000002200000000000000000000000000000000000000000000000022200000000000000000000000000000000000000000400000000000000000004000000000000000000000000000000000000000000000000002000000000000000
2222222222222222222200000022000000000000000000000000000000000000000000000004222000000000000000000002000000000000000000000400000000000000000200000000000000000000000000000000000020000000000000200000000000000000
111111111111111111120000001100000000000000000000000000000000000000000000000000000000000000000000000000000000000000000000004000000000000004000000000000000000000000000000000000000000000000000200000000000000000
11111111111111111112000000110000000000000000000000000000000000000000000000000000000000000000000000000000000000000000000000042424244242420000000000000000000000000000000000000000000000000000200000000000000000000000000
111111111111111111120000001100000000000000000000000000000000000000000000000000000000000000044444000000000000000000000000000000000000000000000000000004000000020000002000004000000000004000000000000000000000000000
